layer 1
1  2.68    1.5
 89.954  31.099  31.099   0.000   0.000   0.000
         89.954  31.099   0.000   0.000   0.000
                 89.954   0.000   0.000   0.000
                         29.427   0.000   0.000
                                 29.427   0.000
                                         29.427
layer 2
1  2.66    4.5
 93.581  33.822  33.822   0.000   0.000   0.000
         93.581  33.822   0.000   0.000   0.000
                 93.581   0.000   0.000   0.000
                         29.880   0.000   0.000
                                 29.880   0.000
                                         29.880
layer 3
1  2.68    4.5
 97.122  34.487  34.487   0.000   0.000   0.000
         97.122  34.487   0.000   0.000   0.000
                 97.122   0.000   0.000   0.000
                         31.317   0.000   0.000
                                 31.317   0.000
                                         31.317
layer 4
1  2.69    6.0
100.377  36.332  36.332   0.000   0.000   0.000
        100.377  36.332   0.000   0.000   0.000
                100.377   0.000   0.000   0.000
                         32.022   0.000   0.000
                                 32.022   0.000
                                         32.022
layer 5
1  2.71    6.0
103.234  36.667  36.667   0.000   0.000   0.000
        103.234  36.667   0.000   0.000   0.000
                103.234   0.000   0.000   0.000
                         33.283   0.000   0.000
                                 33.283   0.000
                                         33.283
layer 6
1  2.73    3.0
106.504  38.217  38.217   0.000   0.000   0.000
        106.504  38.217   0.000   0.000   0.000
                106.504   0.000   0.000   0.000
                         34.144   0.000   0.000
                                 34.144   0.000
                                         34.144
layer 7
1  2.75    3.0
110.291  39.574  39.574   0.000   0.000   0.000
        110.291  39.574   0.000   0.000   0.000
                110.291   0.000   0.000   0.000
                         35.358   0.000   0.000
                                 35.358   0.000
                                         35.358
layer 8
1  2.77    1.5
113.988  40.183  40.183   0.000   0.000   0.000
        113.988  40.183   0.000   0.000   0.000
                113.988   0.000   0.000   0.000
                         36.902   0.000   0.000
                                 36.902   0.000
                                         36.902
layer 9
1  2.79    1.5
116.932  42.686  42.686   0.000   0.000   0.000
        116.932  42.686   0.000   0.000   0.000
                116.932   0.000   0.000   0.000
                         37.123   0.000   0.000
                                 37.123   0.000
                                         37.123
layer 10
1  2.82    3.0
122.117  43.815  43.815   0.000   0.000   0.000
        122.117  43.815   0.000   0.000   0.000
                122.117   0.000   0.000   0.000
                         39.151   0.000   0.000
                                 39.151   0.000
                                         39.151
layer 11
1  2.85    1.5
128.178  44.882  44.882   0.000   0.000   0.000
        128.178  44.882   0.000   0.000   0.000
                128.178   0.000   0.000   0.000
                         41.648   0.000   0.000
                                 41.648   0.000
                                         41.648
layer 12
1  2.87    0.7
131.585  47.747  47.747   0.000   0.000   0.000
        131.585  47.747   0.000   0.000   0.000
                131.585   0.000   0.000   0.000
                         41.919   0.000   0.000
                                 41.919   0.000
                                         41.919
layer 13
1  2.88    0.7
133.856  47.416  47.416   0.000   0.000   0.000
        133.856  47.416   0.000   0.000   0.000
                133.856   0.000   0.000   0.000
                         43.220   0.000   0.000
                                 43.220   0.000
                                         43.220
layer 14
1  3.03    1.5
163.892  63.046  63.046   0.000   0.000   0.000
        163.892  63.046   0.000   0.000   0.000
                163.892   0.000   0.000   0.000
                         50.423   0.000   0.000
                                 50.423   0.000
                                         50.423
layer 15
1  3.06    1.5
168.449  62.875  62.875   0.000   0.000   0.000
        168.449  62.875   0.000   0.000   0.000
                168.449   0.000   0.000   0.000
                         52.787   0.000   0.000
                                 52.787   0.000
                                         52.787
layer 16
1  3.09    1.5
172.905  66.395  66.395   0.000   0.000   0.000
        172.905  66.395   0.000   0.000   0.000
                172.905   0.000   0.000   0.000
                         53.255   0.000   0.000
                                 53.255   0.000
                                         53.255
layer 17
1  3.12    3.0
179.367  67.893  67.893   0.000   0.000   0.000
        179.367  67.893   0.000   0.000   0.000
                179.367   0.000   0.000   0.000
                         55.737   0.000   0.000
                                 55.737   0.000
                                         55.737
layer 18
1  3.17    3.0
187.591  70.978  70.978   0.000   0.000   0.000
        187.591  70.978   0.000   0.000   0.000
                187.591   0.000   0.000   0.000
                         58.307   0.000   0.000
                                 58.307   0.000
                                         58.307
layer 19
1  3.21    1.5
193.433  72.405  72.405   0.000   0.000   0.000
        193.433  72.405   0.000   0.000   0.000
                193.433   0.000   0.000   0.000
                         60.514   0.000   0.000
                                 60.514   0.000
                                         60.514
layer 20
1  3.23    1.5
197.128  75.319  75.319   0.000   0.000   0.000
        197.128  75.319   0.000   0.000   0.000
                197.128   0.000   0.000   0.000
                         60.904   0.000   0.000
                                 60.904   0.000
                                         60.904
layer 21
1  3.25    3.0
202.359  76.506  76.506   0.000   0.000   0.000
        202.359  76.506   0.000   0.000   0.000
                202.359   0.000   0.000   0.000
                         62.927   0.000   0.000
                                 62.927   0.000
                                         62.927
layer 22
1  3.30    4.5
210.246  80.053  80.053   0.000   0.000   0.000
        210.246  80.053   0.000   0.000   0.000
                210.246   0.000   0.000   0.000
                         65.096   0.000   0.000
                                 65.096   0.000
                                         65.096
layer 23
1  3.34    4.5
218.277  81.930  81.930   0.000   0.000   0.000
        218.277  81.930   0.000   0.000   0.000
                218.277   0.000   0.000   0.000
                         68.173   0.000   0.000
                                 68.173   0.000
                                         68.173
layer 24
1  3.38    7.5
226.106  86.330  86.330   0.000   0.000   0.000
        226.106  86.330   0.000   0.000   0.000
                226.106   0.000   0.000   0.000
                         69.888   0.000   0.000
                                 69.888   0.000
                                         69.888
layer 25
1  3.41    6.0
231.150  86.776  86.776   0.000   0.000   0.000
        231.150  86.776   0.000   0.000   0.000
                231.150   0.000   0.000   0.000
                         72.187   0.000   0.000
                                 72.187   0.000
                                         72.187
layer 26
1  3.41    3.0
232.118  87.509  87.509   0.000   0.000   0.000
        232.118  87.509   0.000   0.000   0.000
                232.118   0.000   0.000   0.000
                         72.304   0.000   0.000
                                 72.304   0.000
                                         72.304
layer 27
1  3.41    4.5
231.271  86.813  86.813   0.000   0.000   0.000
        231.271  86.813   0.000   0.000   0.000
                231.271   0.000   0.000   0.000
                         72.229   0.000   0.000
                                 72.229   0.000
                                         72.229
layer 28
1  3.39    7.5
227.040  85.687  85.687   0.000   0.000   0.000
        227.040  85.687   0.000   0.000   0.000
                227.040   0.000   0.000   0.000
                         70.676   0.000   0.000
                                 70.676   0.000
                                         70.676
layer 29
1  3.36    6.0
220.100  82.838  82.838   0.000   0.000   0.000
        220.100  82.838   0.000   0.000   0.000
                220.100   0.000   0.000   0.000
                         68.631   0.000   0.000
                                 68.631   0.000
                                         68.631
layer 30
1  3.33   10.5
213.507  79.679  79.679   0.000   0.000   0.000
        213.507  79.679   0.000   0.000   0.000
                213.507   0.000   0.000   0.000
                         66.914   0.000   0.000
                                 66.914   0.000
                                         66.914
layer 31
1  3.31    7.5
209.219  78.937  78.937   0.000   0.000   0.000
        209.219  78.937   0.000   0.000   0.000
                209.219   0.000   0.000   0.000
                         65.141   0.000   0.000
                                 65.141   0.000
                                         65.141
layer 32
1  3.30    9.0
208.341  78.218  78.218   0.000   0.000   0.000
        208.341  78.218   0.000   0.000   0.000
                208.341   0.000   0.000   0.000
                         65.062   0.000   0.000
                                 65.062   0.000
                                         65.062
layer 33
1  3.31    6.0
210.428  79.858  79.858   0.000   0.000   0.000
        210.428  79.858   0.000   0.000   0.000
                210.428   0.000   0.000   0.000
                         65.285   0.000   0.000
                                 65.285   0.000
                                         65.285
layer 34
1  3.34   10.5
215.690  82.039  82.039   0.000   0.000   0.000
        215.690  82.039   0.000   0.000   0.000
                215.690   0.000   0.000   0.000
                         66.825   0.000   0.000
                                 66.825   0.000
                                         66.825
layer 35
1  3.38   10.5
225.166  86.748  86.748   0.000   0.000   0.000
        225.166  86.748   0.000   0.000   0.000
                225.166   0.000   0.000   0.000
                         69.209   0.000   0.000
                                 69.209   0.000
                                         69.209
layer 36
1  3.40    6.0
230.674  89.183  89.183   0.000   0.000   0.000
        230.674  89.183   0.000   0.000   0.000
                230.674   0.000   0.000   0.000
                         70.745   0.000   0.000
                                 70.745   0.000
                                         70.745
layer 37
1  3.41    3.0
232.015  90.342  90.342   0.000   0.000   0.000
        232.015  90.342   0.000   0.000   0.000
                232.015   0.000   0.000   0.000
                         70.836   0.000   0.000
                                 70.836   0.000
                                         70.836
layer 38
1  3.40    7.5
231.891  90.351  90.351   0.000   0.000   0.000
        231.891  90.351   0.000   0.000   0.000
                231.891   0.000   0.000   0.000
                         70.770   0.000   0.000
                                 70.770   0.000
                                         70.770
layer 39
1  3.38   10.5
227.996  90.626  90.626   0.000   0.000   0.000
        227.996  90.626   0.000   0.000   0.000
                227.996   0.000   0.000   0.000
                         68.685   0.000   0.000
                                 68.685   0.000
                                         68.685
layer 40
1  3.34    4.5
221.545  88.326  88.326   0.000   0.000   0.000
        221.545  88.326   0.000   0.000   0.000
                221.545   0.000   0.000   0.000
                         66.609   0.000   0.000
                                 66.609   0.000
                                         66.609
layer 41
1  3.31    4.5
216.074  85.677  85.677   0.000   0.000   0.000
        216.074  85.677   0.000   0.000   0.000
                216.074   0.000   0.000   0.000
                         65.199   0.000   0.000
                                 65.199   0.000
                                         65.199
layer 42
1  3.28    4.5
209.563  84.364  84.364   0.000   0.000   0.000
        209.563  84.364   0.000   0.000   0.000
                209.563   0.000   0.000   0.000
                         62.599   0.000   0.000
                                 62.599   0.000
                                         62.599
layer 43
1  3.24    3.0
203.436  81.682  81.682   0.000   0.000   0.000
        203.436  81.682   0.000   0.000   0.000
                203.436   0.000   0.000   0.000
                         60.877   0.000   0.000
                                 60.877   0.000
                                         60.877
layer 44
1  3.22    3.0
198.301  79.873  79.873   0.000   0.000   0.000
        198.301  79.873   0.000   0.000   0.000
                198.301   0.000   0.000   0.000
                         59.214   0.000   0.000
                                 59.214   0.000
                                         59.214
layer 45
1  3.18    4.5
192.737  77.462  77.462   0.000   0.000   0.000
        192.737  77.462   0.000   0.000   0.000
                192.737   0.000   0.000   0.000
                         57.637   0.000   0.000
                                 57.637   0.000
                                         57.637
layer 46
1  3.14    9.0
185.747  74.976  74.976   0.000   0.000   0.000
        185.747  74.976   0.000   0.000   0.000
                185.747   0.000   0.000   0.000
                         55.385   0.000   0.000
                                 55.385   0.000
                                         55.385
layer 47
1  3.12    6.0
181.330  73.983  73.983   0.000   0.000   0.000
        181.330  73.983   0.000   0.000   0.000
                181.330   0.000   0.000   0.000
                         53.674   0.000   0.000
                                 53.674   0.000
                                         53.674
layer 48
1  3.12    3.0
180.827  73.544  73.544   0.000   0.000   0.000
        180.827  73.544   0.000   0.000   0.000
                180.827   0.000   0.000   0.000
                         53.641   0.000   0.000
                                 53.641   0.000
                                         53.641
layer 49
1  3.12    6.0
182.067  74.506  74.506   0.000   0.000   0.000
        182.067  74.506   0.000   0.000   0.000
                182.067   0.000   0.000   0.000
                         53.781   0.000   0.000
                                 53.781   0.000
                                         53.781
layer 50
1  3.15    7.5
186.861  75.336  75.336   0.000   0.000   0.000
        186.861  75.336   0.000   0.000   0.000
                186.861   0.000   0.000   0.000
                         55.762   0.000   0.000
                                 55.762   0.000
                                         55.762
layer 51
1  3.19    4.5
194.103  79.655  79.655   0.000   0.000   0.000
        194.103  79.655   0.000   0.000   0.000
                194.103   0.000   0.000   0.000
                         57.224   0.000   0.000
                                 57.224   0.000
                                         57.224
layer 52
1  3.23    4.5
201.716  81.848  81.848   0.000   0.000   0.000
        201.716  81.848   0.000   0.000   0.000
                201.716   0.000   0.000   0.000
                         59.934   0.000   0.000
                                 59.934   0.000
                                         59.934
layer 53
1  3.27    3.0
209.491  85.624  85.624   0.000   0.000   0.000
        209.491  85.624   0.000   0.000   0.000
                209.491   0.000   0.000   0.000
                         61.934   0.000   0.000
                                 61.934   0.000
                                         61.934
layer 54
1  3.31    3.0
216.673  88.565  88.565   0.000   0.000   0.000
        216.673  88.565   0.000   0.000   0.000
                216.673   0.000   0.000   0.000
                         64.054   0.000   0.000
                                 64.054   0.000
                                         64.054
layer 55
1  3.35    3.0
224.008  91.565  91.565   0.000   0.000   0.000
        224.008  91.565   0.000   0.000   0.000
                224.008   0.000   0.000   0.000
                         66.221   0.000   0.000
                                 66.221   0.000
                                         66.221
layer 56
1  3.38    3.0
230.734  94.360  94.360   0.000   0.000   0.000
        230.734  94.360   0.000   0.000   0.000
                230.734   0.000   0.000   0.000
                         68.187   0.000   0.000
                                 68.187   0.000
                                         68.187
layer 57
1  3.42    4.5
238.017  97.904  97.904   0.000   0.000   0.000
        238.017  97.904   0.000   0.000   0.000
                238.017   0.000   0.000   0.000
                         70.057   0.000   0.000
                                 70.057   0.000
                                         70.057
layer 58
1  3.46    9.0
247.673 102.022 102.022   0.000   0.000   0.000
        247.673 102.022   0.000   0.000   0.000
                247.673   0.000   0.000   0.000
                         72.825   0.000   0.000
                                 72.825   0.000
                                         72.825
layer 59
1  3.49    6.0
253.577 103.734 103.734   0.000   0.000   0.000
        253.577 103.734   0.000   0.000   0.000
                253.577   0.000   0.000   0.000
                         74.921   0.000   0.000
                                 74.921   0.000
                                         74.921
layer 60
1  3.49    3.0
254.328 104.406 104.406   0.000   0.000   0.000
        254.328 104.406   0.000   0.000   0.000
                254.328   0.000   0.000   0.000
                         74.961   0.000   0.000
                                 74.961   0.000
                                         74.961
layer 61
1  3.49    4.5
253.188 103.561 103.561   0.000   0.000   0.000
        253.188 103.561   0.000   0.000   0.000
                253.188   0.000   0.000   0.000
                         74.814   0.000   0.000
                                 74.814   0.000
                                         74.814
layer 62
1  3.47    6.0
249.147 102.994 102.994   0.000   0.000   0.000
        249.147 102.994   0.000   0.000   0.000
                249.147   0.000   0.000   0.000
                         73.077   0.000   0.000
                                 73.077   0.000
                                         73.077
layer 63
1  3.44    4.5
242.471  99.222  99.222   0.000   0.000   0.000
        242.471  99.222   0.000   0.000   0.000
                242.471   0.000   0.000   0.000
                         71.625   0.000   0.000
                                 71.625   0.000
                                         71.625
layer 64
1  3.40    4.5
234.597  97.098  97.098   0.000   0.000   0.000
        234.597  97.098   0.000   0.000   0.000
                234.597   0.000   0.000   0.000
                         68.750   0.000   0.000
                                 68.750   0.000
                                         68.750
layer 65
1  3.37    2.3
227.530  93.985  93.985   0.000   0.000   0.000
        227.530  93.985   0.000   0.000   0.000
                227.530   0.000   0.000   0.000
                         66.773   0.000   0.000
                                 66.773   0.000
                                         66.773
layer 66
1  3.35    0.8
224.120  92.700  92.700   0.000   0.000   0.000
        224.120  92.700   0.000   0.000   0.000
                224.120   0.000   0.000   0.000
                         65.710   0.000   0.000
                                 65.710   0.000
                                         65.710
layer halfspace
1  3.35    1.0
224.120  92.700  92.700   0.000   0.000   0.000
        224.120  92.700   0.000   0.000   0.000
                224.120   0.000   0.000   0.000
                         65.710   0.000   0.000
                                 65.710   0.000
                                         65.710
